410
2052 20
51552 67938 9028 67046 47943 24808 90795 51723 19915 9021 79375 13676 41650 4242 35474 81526 23671 3675 23868 17373 
6152 14
3713 71362 16806 5991 23049 33034 6315 94538 75597 71306 14160 24180 28053 6747 
9 19
23584 90178 75171 83907 72742 32264 18888 31528 91115 51373 67053 95375 35949 15538 64402 83380 21205 73654 38744 
2065 20
56967 93607 72615 96522 27879 91884 97799 80974 86063 75920 75472 81298 32432 97684 82327 68313 55547 57532 43614 20447 
19 20
84320 289 57153 2596 33832 10987 77516 84845 54031 53181 50289 45938 31923 59697 53043 41297 15417 62074 34109 82303 
8216 16
64032 35489 12800 67878 6182 41639 33097 3401 32105 75569 18963 83381 17942 72153 52474 90654 
29 18
68449 12708 97733 77350 66311 50056 80009 23600 69361 33042 68691 77682 80532 93750 33336 55674 99675 69534 
2079 20
72866 22275 3333 65350 60294 58472 87657 47464 9323 87813 13037 96654 18985 82091 81842 10174 49369 49627 87837 24382 
4130 18
86176 833 16453 59238 84359 71128 15077 45861 34188 17389 14511 41392 15410 50355 52884 22451 23382 75000 
2085 19
6019 3332 77445 79526 7175 24199 14537 45864 78571 83913 40109 55503 62580 84 46555 96920 98841 12027 19455 
6185 19
47875 4259 92901 81670 39140 80553 50605 1550 75533 49168 13777 10957 43886 85140 88182 64503 26521 94908 53631 
6193 20
35872 30943 5896 39912 8650 99532 46958 3566 81647 9104 36402 60882 91125 90838 75383 48885 86553 80380 14845 6591 
54 15
13920 1443 42403 81349 97254 25896 52778 16396 50638 66803 24468 84312 72890 49211 67037 
67 20
3776 96609 97315 8420 29957 97380 70823 38474 80138 43532 10379 66461 78606 23088 13875 53171 17819 19160 56251 43389 
6213 19
63457 51875 58212 40932 82724 46054 64840 63817 72552 94635 95472 29136 13393 9811 10865 32725 82901 29045 77424 
8263 17
55646 71490 46270 1349 57446 76359 67014 28202 87788 2733 7696 64885 44886 11126 64986 52668 6974 
2120 19
66499 27749 55334 32807 20872 18121 87368 14858 45676 8330 62799 81680 91636 55294 39190 89467 71420 97022 87999 
2123 17
49792 39169 75107 230 85609 62090 73898 68382 39376 82833 85395 15956 51924 84055 32089 24924 92894 
4172 20
24224 34144 93456 61291 37227 81230 11279 25870 1809 89841 76947 24564 87093 95094 76277 64796 73170 9431 375 67135 
4178 20
66912 33825 75232 27491 34756 32197 28486 4458 74890 30797 25170 35827 25652 66613 47125 92119 42297 69147 49630 91807 
2133 19
33028 57028 39173 79336 75835 72393 7723 7945 18093 68269 69866 31861 74358 59925 84982 39353 17531 83293 51902 
4184 17
44194 79843 45924 47461 58215 34220 47980 80079 90703 58960 11567 15792 1551 82837 93881 36475 32639 
6235 19
74048 85956 33564 98310 27975 43368 16201 21213 89751 14188 2510 78483 54675 23126 20599 51514 44347 67868 10813 
4188 20
78816 40737 61376 9443 78967 55107 53254 98086 3949 74653 61295 94512 9776 4685 42996 95029 65716 48855 24790 49469 
6236 19
72514 31748 97316 88550 26472 74537 46152 23755 43916 21997 95663 6736 89011 49075 85494 37495 89336 67257 71100 
4192 18
74112 23617 65987 20647 23977 15914 8220 81774 84687 46225 44188 2994 21650 54038 20439 33208 32697 50428 
8301 20
91618 93091 73315 56580 80421 60520 59243 79564 68204 33035 23887 25209 77553 42833 94550 79257 44378 77403 8668 86813 
6253 19
98882 56995 25956 51490 10342 77863 51496 43682 71436 9713 83025 96307 81202 43797 98355 51545 34810 66108 1822 
6258 20
80381 86338 52036 61990 4743 78186 64880 89297 79538 39742 40405 6905 99517 18166 2681 1626 49500 91261 56382 18399 
6262 20
95424 69858 89241 46852 94372 27910 36002 98920 93060 15210 90285 26480 31089 67794 77843 65048 79897 73243 31805 70207 
8317 16
87424 21796 23557 2789 55462 44934 63626 52107 51053 43630 82157 57395 84694 55447 44701 59359 
136 20
56992 40032 13762 77442 82340 62274 80739 59705 91654 13761 30890 43787 44802 71630 98607 89139 26421 96918 58009 59229 
4241 18
32512 23074 72229 16678 64581 87208 11817 28901 22983 94093 63342 65406 5812 39604 57750 69432 80956 62174 
147 19
63425 22178 55169 85475 35845 19749 53926 25669 37898 37483 37740 52718 94927 73296 68662 88118 14550 77014 10586 
4246 17
32000 75618 9858 59780 81796 8708 21451 79660 23821 64689 38259 42037 67222 53527 66005 84822 4405 
4255 20
63616 30433 77860 86341 86820 86205 72649 67242 36939 82795 81866 99761 43634 96564 26711 56287 49819 64636 4701 80831 
6308 18
62336 11425 68990 16608 53832 38732 25966 4782 36656 47154 56498 2258 77109 11093 14582 859 45244 66270 
165 19
37089 91426 78531 6338 28355 81958 76135 51720 78600 71402 77356 57068 33518 29967 77458 56855 70232 88798 82111 
171 18
96480 33601 83172 76712 93834 43211 19756 14190 1041 6770 77844 46997 25686 98551 52473 96439 28062 8249 
8364 15
27425 12066 61859 88838 97319 97865 57450 83689 24009 11546 81998 41327 72560 96410 4091 
4271 20
26395 49633 18754 24347 16292 20987 29450 34348 61454 54256 44465 68113 71604 12340 1111 48279 43577 28379 86717 11583 
4275 20
80800 39744 47970 21220 86342 63686 93416 46631 32042 86091 99148 71821 92110 60857 70417 4338 95189 2809 98905 80892 
180 20
53633 35394 31588 79716 52970 3243 87213 98128 862 54866 22770 72660 65750 97815 56086 57753 71005 84541 75870 20863 
6327 19
18304 85312 44738 97058 81507 4165 13024 20231 17312 69984 29164 75885 30031 73051 17976 49531 54813 28670 30559 
2235 19
90978 19971 71171 47269 95174 81026 56327 18597 24426 60651 91372 91502 39343 31664 65586 4980 94805 34107 75038 
4286 19
39682 59139 36066 36134 30247 25702 97766 8873 20151 68748 74607 66223 68496 24471 19737 73082 98587 37881 94078 
6338 17
84191 28228 95615 85867 45550 14542 87196 97460 87956 99700 50679 60792 73241 90076 24605 12190 68607 
2245 18
84864 67617 8514 30853 20952 72375 50798 93361 98067 3476 12183 43832 90681 88986 56187 61596 47198 36444 
2253 20
16480 92577 225 71521 43078 73192 15113 15369 97419 16297 47500 55119 89202 37203 40755 77523 25107 96855 89178 41436 
8397 20
31618 61890 72996 31210 1354 11403 93644 1579 44684 94061 9817 97489 59089 60563 11572 5590 69177 51866 65404 49023 
6352 18
42176 61506 66726 49638 31336 64329 95531 77842 27570 43860 65044 40118 23511 42358 3993 45271 38972 34590 
2269 20
37632 96225 54049 48995 21349 27432 7341 83406 96431 16400 36013 60244 77141 54550 25367 68373 77337 13151 24443 79711 
6368 19
52160 77728 78818 70116 73317 71238 99559 40840 73608 67879 33864 52652 57167 39583 97682 86003 90879 85750 11775 
6370 20
43840 25601 60385 46583 33734 40362 84683 427 3501 93870 34253 32239 18097 94898 32566 91160 48312 93433 37690 88380 
2274 20
51872 83970 706 18594 81383 20424 89548 71022 14237 50802 95634 69748 13812 95580 5336 21433 45754 5724 31581 68863 
6371 20
64705 16378 72420 27141 37767 71975 11657 2155 81901 74896 85169 42036 75638 65974 83832 47290 40283 96124 29277 43838 
8429 19
57694 63330 22533 51622 49799 62183 89449 31461 78313 23975 85646 33232 99216 46195 89881 32858 28795 90302 78878 
2287 20
19265 43938 28578 35555 61029 76323 43334 14370 9081 76604 37959 20311 25463 29041 53458 67123 79671 19960 11353 28412 
244 18
68514 38566 33480 43784 51630 48079 97936 79153 79996 59760 78929 45461 3219 93849 50970 51324 65886 17087 
245 18
43905 13505 85377 42277 82311 67961 74282 21579 33358 21775 26545 35988 9366 19063 95513 12185 93787 49980 
4350 20
63488 47931 11799 74566 69962 21419 461 42829 22032 92255 63922 4595 65685 10101 19095 24984 4891 47900 37207 11263 
2305 18
29152 38883 75993 15683 51651 65640 97576 74346 41775 29008 8465 68432 13779 71856 67030 34646 68312 75577 
4355 19
26051 62148 1478 73320 7753 45052 87950 13807 28851 62132 98644 47254 60822 56024 57430 50139 81916 51294 55999 
6416 18
47968 95684 81253 56390 20964 52550 31915 16620 99308 74318 66830 10699 10158 57172 90005 15413 92349 45119 
6420 19
64256 30337 49121 71096 12422 16487 85449 49578 37419 75090 41874 33427 33493 26901 24532 92856 99289 27802 87551 
2325 18
28641 78626 88131 356 164 67783 62375 89195 7115 77998 84942 99825 99729 29651 96724 62261 9016 72250 
6427 19
2848 52416 83845 19623 57032 27721 58856 29195 25164 8433 93618 434 62995 74901 19349 76053 48473 51994 10875 
4387 20
65472 72096 13442 94306 71236 40262 58918 67898 35950 78543 99666 9395 72884 40894 58327 56953 25562 31932 87709 5374 
8492 19
80257 23108 55838 1799 97644 95341 9358 48367 51312 52401 16249 559 68276 50772 17683 17689 42043 35518 55423 
8493 18
19203 51494 38151 64870 11529 67179 82670 52495 46929 49013 58613 23222 98137 95865 39706 28829 46814 33816 
6446 20
68545 27618 46530 26401 99013 53448 66792 97353 69387 68205 83774 35735 58291 78839 69144 98393 36923 15900 10142 35871 
8509 19
96577 19652 18181 16006 20134 1031 76382 71242 43691 56204 95215 751 22417 51038 42005 84855 28184 36537 29118 
6464 18
84763 58880 88610 66338 70117 49221 78557 8972 42093 73743 7568 42483 73781 37271 19163 7421 51166 71231 
8512 19
93377 24515 90563 84517 14183 31687 31080 71883 86828 66669 53362 95155 17812 48083 10582 50550 84473 73787 61951 
6468 20
33024 39842 29476 93445 84678 60710 68680 2730 5418 52653 45359 3664 85490 43956 38772 12308 6743 70998 81275 15038 
2373 19
2562 79075 60194 33766 91996 81065 29834 90475 90410 42763 99184 95985 80114 57460 60599 12505 5275 80700 92511 
8516 20
98274 78660 75237 52966 69865 39338 46251 8108 97292 74223 47954 71570 40117 98294 37749 44249 91035 12477 7934 52095 
2376 17
1632 52992 5633 37443 77479 75624 20487 93898 91467 12138 24430 54962 49492 10170 15707 98333 23742 
4430 20
93730 58755 55012 36836 44228 12679 11400 3216 80369 80658 37523 68883 1557 73238 92534 37464 81339 62452 52219 14462 
4431 19
86464 17664 60032 45797 5799 63847 55114 18859 38796 27275 91132 7277 28784 14772 79125 55444 41337 57498 74076 
2384 19
47168 75040 40514 44035 28226 92352 74373 66377 40138 34763 84077 89392 32593 6258 65527 15032 52570 72828 83871 
4433 20
12864 94976 51203 66372 23365 64294 63561 68362 53097 43036 46541 10802 27731 84020 54230 38711 19352 29276 51197 66206 
8530 19
16064 2304 81373 27044 5892 87719 98024 42760 99723 19448 53582 11503 26138 96213 32631 22968 82458 20859 88957 
8531 20
51681 30210 18210 76901 65222 45256 31881 1931 36364 29678 98543 87376 179 95539 36051 47191 64312 63130 81979 52444 
349 20
71808 55168 10212 93253 73350 17897 45706 64201 56492 83215 87536 97265 49971 20469 18167 59352 39545 92378 34171 99807 
4449 19
99456 36067 98500 97606 19175 74759 46057 37354 77964 68749 83404 58512 94003 25783 65525 78519 46169 78847 71679 
363 19
33729 53122 11267 66598 40487 53736 82794 16716 31948 65294 97712 80368 90484 90068 42838 97688 37433 78075 96606 
6516 20
33632 65985 46630 99145 55852 10925 16781 93805 96845 91852 45138 84723 38420 21877 5113 63543 77689 57050 85565 62846 
4474 19
60352 84418 68386 35074 86983 18280 68201 8893 27083 83084 14861 98925 43219 85556 96342 55416 97113 74781 43774 
379 18
47267 86948 32075 72588 64684 48493 40299 97232 49135 83468 50125 89172 93399 60701 6458 58268 97853 39454 
4486 19
64356 85850 79014 7655 84361 32746 92910 89647 62927 66033 32430 98899 58740 18005 2710 88634 15357 32414 3231 
2446 14
30018 91203 31139 70857 57737 7088 50706 9331 72180 16820 9049 665 56570 16604 
401 19
20960 48257 17057 76985 86633 13769 61483 4749 54414 58449 13170 37875 88244 75380 76566 45239 56920 26745 2236 
6550 19
97857 33058 12759 65313 49892 57286 10051 93066 16395 11530 80912 97138 35700 7958 57527 85050 31067 94970 63103 
8605 18
35970 98018 74215 17385 38570 75181 72846 87023 36304 59953 71793 30003 10740 1781 38287 81815 22204 5247 
417 20
10368 47041 66048 42052 99685 1989 96586 53611 94957 93582 95889 35858 275 23860 67351 54617 24763 15324 60189 6910 
419 15
4736 38240 1346 65285 18565 60744 83146 99886 49040 36273 79506 82453 50235 38525 17054 
2468 20
92160 59586 15132 97638 55111 44075 58943 4270 67246 58641 76499 75860 48757 22455 84408 6745 71515 64188 50910 82367 
4532 19
46561 30403 64100 93917 2569 97706 27178 9004 41083 92526 91673 92946 95218 72658 69266 15673 5467 42493 71134 
438 19
63712 11330 42082 38629 80223 15813 32649 89610 99274 26861 35054 35391 69232 79345 60434 83889 27092 66969 66175 
440 20
98786 22051 96386 75875 22116 97381 92904 17196 22669 65068 51407 52208 14865 72845 90229 88277 29751 64025 81887 52863 
8634 20
42327 54945 36577 94148 84837 34853 96264 23976 91370 69194 88575 87760 6769 52063 37942 9430 45978 35963 48702 91775 
6588 20
7618 37636 1988 98341 66794 49067 50826 75758 2159 47631 38766 82960 42352 19537 88210 48982 50809 75995 60125 36766 
2493 20
95617 32355 42085 58246 8519 43399 40108 76814 57871 39918 83473 48818 63953 33551 15829 74389 33432 4729 79579 35806 
2495 20
66336 22049 4707 65060 36009 45994 26985 98988 68844 76494 65423 14896 92082 86643 48434 75157 27764 86359 1722 47549 
8639 18
5792 82816 2885 85351 25448 71465 91754 51755 60587 39310 81295 24080 92466 87379 81396 71575 39515 26526 
6606 15
32002 40103 63240 89288 83662 40239 53170 47923 1236 40500 55231 28087 5144 4697 92191 
8679 18
69152 32609 24578 59905 72708 84389 53446 95335 8456 72105 11756 22541 4751 91990 9977 31354 80923 80286 
6633 19
71810 63971 38820 91131 78792 69673 66888 28747 46796 27148 3560 7343 50672 23120 97717 13722 12603 4861 48990 
2541 18
79040 43459 19302 12038 41831 73929 98796 29965 5197 57554 96147 23352 14967 25662 54239 12444 32094 59039 
500 18
62468 98148 99206 65414 66310 91652 57125 94222 98225 22226 83347 22260 78037 71608 53816 23993 25274 58655 
8696 20
38304 78115 3876 35619 44776 94634 2284 82092 66416 82577 87902 89554 5076 45104 24855 42488 86267 17085 77630 65791 
6650 20
20578 39747 68771 48965 95778 35527 48680 89954 76938 24654 71887 40209 48210 42801 65651 89785 66902 19097 61723 45180 
510 19
68384 78369 26530 35139 24451 59844 94691 93514 39147 14700 32718 64848 16880 52722 12979 36085 58361 61597 17887 
8717 19
21379 5540 75814 79015 92231 62598 15628 41006 12431 37199 15790 561 58355 16116 5045 92915 85591 32028 51551 
4630 20
94786 66660 29479 7177 67946 79817 84525 84719 82768 54033 72945 368 43959 57171 91356 28823 48216 47610 69243 7100 
8728 18
71936 74978 50050 18116 35203 15654 81479 72584 35881 73194 74374 33260 47730 10134 87702 65433 69082 56671 
6683 20
93888 92097 40642 54273 98182 30537 71803 65452 10427 93585 53939 88756 77971 31128 15737 34842 61531 83197 20575 48767 
2590 20
45635 78111 34053 54953 24522 48875 70859 45069 66541 42927 5742 29997 43951 97615 90452 59603 58315 37688 83513 81087 
8736 20
33504 350 8865 51427 60008 85576 33706 66827 25964 21646 69455 38512 49650 11859 16084 80692 94262 5591 24446 90079 
2595 20
74434 6211 99774 58789 56102 37988 43589 7402 85163 20237 47277 32210 65394 24051 53077 14294 21527 68600 89403 4574 
2596 18
85984 8770 99555 92388 99463 39432 13673 89768 81132 61967 62448 76435 77235 27348 27542 34838 7317 55132 
4646 19
57217 37218 87555 21572 74853 89958 30050 20136 73883 52237 61007 89107 47445 99991 61592 94651 64540 8376 36223 
6702 19
19296 50753 22817 46273 65657 25794 36390 8808 25065 18442 76843 32460 93166 41999 75983 63639 89309 81785 45821 
2607 17
21475 50563 60773 66276 41352 52364 19021 19986 26259 68756 20853 14038 59797 74969 48538 80190 79583 
2610 19
25060 1382 65479 77032 52297 48745 74761 53356 7820 4174 48043 66708 61304 89240 49113 10458 39325 30494 11071 
2611 19
46689 71017 85641 35787 2252 75980 97483 29310 20784 55573 57813 72537 52184 70329 29626 20379 2013 30014 42207 
8756 18
74209 45601 1955 70083 15971 23174 84328 53389 17999 83632 93872 22740 15188 58903 95195 44764 19581 48639 
6715 18
92033 94724 69349 26822 49510 9544 96008 35878 3598 70288 34769 95314 67956 21077 75926 68116 1147 98111 
582 17
85600 14208 75488 6853 59914 1547 75501 47118 17808 50482 42420 37301 52278 95223 8310 55321 31226 
2631 20
53154 46628 72613 11334 92325 98470 91910 28844 63405 48846 49839 39248 72913 65968 51443 41551 30747 27196 95646 86463 
6741 19
88928 4192 72195 62404 50053 75653 54057 2793 37771 97324 72490 65519 9936 67631 35352 87355 65020 80958 88703 
2664 19
84514 47589 73448 39531 30059 91693 73485 31295 96111 47150 54995 80596 70202 57718 69525 57976 65434 52093 60287 
4713 20
55232 15233 7840 20958 15110 72070 47016 76521 20393 97498 42024 18798 6256 79089 16018 4500 86903 344 70362 2430 
4717 18
49956 65413 12998 81351 51880 2654 56201 61195 26828 3319 36568 43891 67252 29078 79767 86264 61563 28190 
8834 20
28952 33122 15140 27208 73288 66250 24810 32461 27790 47536 69488 20112 29971 17043 94166 57592 26969 80124 47838 94079 
8839 19
62467 48420 66404 4964 61444 76776 30601 17418 93992 73517 24954 81713 13780 11548 15830 79479 80409 25978 25692 
6793 16
11329 5382 77295 19311 35889 42097 6450 79152 74394 31062 67385 17817 93306 33019 28348 57183 
2708 20
75651 64931 46311 74184 96552 42940 43114 57484 37677 73774 14008 39506 58419 34517 82422 96343 28024 56282 14779 83932 
661 20
31489 41272 15297 50977 66405 15973 49350 77606 48941 87312 86001 32402 55860 25973 5110 44823 9112 83190 46618 26557 
4758 20
92408 74497 99010 37923 2051 24709 47525 71749 4552 61417 94218 41803 54287 91216 63986 33654 23928 84347 26076 2686 
6805 19
21120 12320 49444 4740 12103 7080 83178 72651 59020 6252 63182 51279 20240 85071 87313 8175 96088 5852 83935 
673 19
74144 44256 58881 97092 92933 29444 72520 46508 37068 20178 96349 17215 4694 42583 65306 73053 93437 59134 50079 
4775 18
78072 76773 18438 40231 56806 75465 27594 51815 39341 46064 30257 3796 22934 80663 44376 63833 24571 82844 
684 18
96289 75396 63941 78566 18534 29962 76599 47959 7471 17968 90353 6642 3569 76404 77143 62168 89530 59709 
686 18
37056 58208 69344 73923 44873 7977 36535 7372 33649 1426 49054 9428 14101 99095 7064 20731 14270 73439 
2737 19
3905 80130 77444 78758 40330 89450 25708 46156 87118 13839 31512 33748 1780 78710 43703 9560 64827 35484 3325 
6836 20
7098 35649 13539 60963 63685 46021 43972 47880 11927 8810 9803 2475 76334 43887 20434 73748 44567 34777 16538 39964 
2751 20
8193 56546 78785 77763 89382 8216 41195 75564 8336 57073 47387 64018 69810 17685 30553 25176 14360 23706 68699 14078 
706 17
13147 15331 21956 33992 20841 9322 10091 1804 2442 2800 10130 20981 96598 28375 68665 27067 90300 
6851 20
88064 53761 67363 10565 13606 58695 75112 4614 89482 34749 19728 13616 20274 29042 7601 75447 6744 88250 10621 80767 
710 18
964 93989 9638 36167 23589 37706 41439 84620 96023 91857 42805 6486 31415 8472 32347 16156 9437 73247 
8902 18
42818 40132 45574 96807 18407 24014 22065 31122 94621 37332 22675 63862 33301 38268 45112 39516 60157 32830 
4813 20
56513 80961 40613 53605 70504 46409 80938 44893 94508 61968 92336 1619 33141 81110 80023 48889 4381 79227 4925 33887 
8910 18
43138 81603 83365 92261 19559 26215 97575 55435 13132 4878 61520 22611 19798 56663 87320 32055 42750 35807 
6871 19
13601 39044 599 16615 40071 59306 87851 47629 59246 67662 74736 42836 36149 74615 12282 31515 75548 66013 80127 
4828 20
21408 44288 80928 91043 66981 45350 32776 80393 11114 24202 24457 18825 41459 28147 19797 30359 51609 54907 94398 91838 
733 19
92955 13284 49094 65928 55817 80266 79180 5837 27665 74547 92724 66261 10133 95415 86454 83833 67770 76251 39705 
2798 17
58337 74714 3363 55073 25320 96876 39151 28463 62930 13972 51701 90997 36023 2298 79291 7485 24639 
6897 19
87937 71074 54084 6564 28038 3932 10856 83304 95402 56907 14860 14925 37550 73295 75602 54263 48793 16476 43423 
2802 20
99840 50305 24226 8801 9668 96771 16711 25769 32041 23499 72496 82962 45811 84309 12886 22263 35866 36731 50397 99134 
2804 19
99392 99331 93924 95493 59683 70212 90984 15559 3882 75044 87397 33613 21198 33230 60222 58257 31996 98398 94527 
4855 19
74976 61824 96900 61253 54726 44135 51015 1671 49002 50795 66955 48909 96302 60112 42704 46226 85241 68090 21275 
765 20
75525 11814 94373 14281 3914 77002 61130 98221 9582 43247 56285 55569 88594 88755 60530 38161 32747 55065 75930 5981 
4871 20
18945 83073 58146 79041 52743 98377 55914 17164 12492 2030 29616 68337 66996 50357 17652 11543 42134 920 72701 10014 
2830 20
2816 11521 27169 17347 81508 93477 65030 2023 66058 22923 85802 74125 69904 24754 62515 3571 43765 73779 50999 52506 
6930 17
6080 28290 72004 48391 18760 53192 82029 17646 26511 87921 90418 57332 24119 74617 40603 56381 46367 
8982 16
80064 59681 76643 66278 22153 5325 87726 86490 47826 60915 64244 20310 89082 79323 39197 61247 
9007 20
4163 44806 80807 43561 83338 92554 95500 12347 59658 14445 80618 20561 20795 81262 14134 60182 29593 5882 84699 35901 
4921 16
88129 47298 5410 12409 1884 60328 49225 67308 35437 15197 39407 68273 11288 30649 60828 78077 
6975 18
99874 2149 68997 10280 14249 2698 50699 88140 98257 40852 75636 79796 46325 24245 11224 48375 94171 93470 
6976 20
89120 89056 97336 26150 69510 60936 32712 92586 66507 33516 81336 64849 56081 2163 80822 74902 97119 11231 92699 34239 
6977 17
32183 16614 99975 75975 32393 71114 70124 17293 34286 66128 70449 97203 1942 26326 48057 99006 50143 
9025 18
16832 4864 87040 32352 16004 81156 49573 85570 44695 43467 91403 54608 94448 11984 80246 77911 63513 75869 
6979 19
3425 41474 93347 41412 57859 40294 18600 15498 76206 43631 71246 32591 89839 25493 30325 71799 22906 21211 8991 
2892 19
51425 9474 10531 20135 37513 51820 26190 20815 74543 53745 4658 15090 50451 30672 72634 56667 55996 69949 85247 
4951 17
80866 58531 4648 96872 81802 84586 99435 97325 54317 83976 47056 17168 60946 60464 79988 9077 17051 
857 19
38945 80225 93507 25445 96102 62602 81420 2797 81804 60684 59024 13871 39757 90291 14388 38267 44310 59832 21563 
7002 20
28610 77826 75234 91709 35239 38729 34282 28906 50958 65327 20431 44080 70547 61501 54429 21175 22331 33692 84701 51230 
9051 17
81217 36707 28675 78181 59432 34089 13356 78732 62255 29362 5714 49720 13561 20347 1436 90296 94431 
4959 19
20512 90498 3267 902 49735 63591 66854 4300 69932 18060 38669 43890 81043 8115 34997 3639 29723 33020 84925 
9060 19
47744 32288 21954 28418 82115 49125 58438 15588 85768 91847 51498 30539 3631 2832 75184 17460 78524 39421 73534 
873 20
40448 20673 18274 51555 75970 70023 99080 58891 55579 82000 74897 69268 72629 52468 92375 35992 74841 79035 7037 26751 
9071 19
96832 21056 31204 86439 71336 90759 40649 67721 25835 56557 42509 12463 69935 83218 48724 9845 91316 95547 41982 
891 19
69921 61413 2533 10855 79752 33768 64491 87948 25101 67375 6322 74930 88916 39858 44791 5752 77788 76477 68095 
2943 20
14627 42824 90985 44522 56395 48077 68429 34734 56722 8051 4916 11954 38998 19155 36728 68857 10040 89074 35038 61497 
7044 19
5434 68706 40101 28427 95244 7181 74382 47887 2768 3822 1137 19378 31924 32077 80696 64793 35737 31676 97215 
9094 20
4512 96695 36772 75717 62949 90170 68487 55849 17127 28875 63761 13876 53621 86300 89783 35256 4986 57019 46268 15487 
7050 20
34199 66657 37315 84806 39815 40683 6540 57452 63853 79055 37230 13613 54619 41269 21397 35575 85014 11958 53270 45019 
909 20
42366 8163 75877 23621 3975 65927 87173 53707 51278 27663 89774 94417 33171 31093 92502 24854 17502 1692 87262 68062 
5006 19
50106 6050 35815 91079 54408 12938 57867 21514 54828 25614 18289 53649 46101 39830 95257 68314 30427 76702 64415 
7060 18
43941 24698 1094 27679 28890 87369 36746 7246 55985 13396 75704 93846 91064 19290 77052 24093 60798 83866 
7072 19
95521 28666 80706 14344 52746 3659 17708 96718 60880 26289 73842 72820 97556 39286 23190 95736 96889 90714 23931 
7075 18
17920 91201 86304 27107 80133 37195 69741 52111 71055 753 66289 92755 2387 88983 29624 92121 99835 26973 
7078 18
13571 51012 64421 18627 65959 94088 33797 61642 2187 6535 64525 29359 73397 83541 37913 43578 74044 26141 
940 18
34688 55490 58470 8358 73224 72872 203 55980 68463 12464 66640 43922 79126 17014 68470 73878 25850 24447 
7088 20
24928 57061 21222 85703 94375 42986 4075 58188 29514 23859 42899 97301 10166 8631 75544 67545 27637 45307 8412 27839 
2995 18
5441 74081 21413 52134 18246 9318 43436 30414 34544 63121 84242 30202 57138 52146 19577 5274 19261 1247 
7092 19
98147 33861 63367 51913 23563 47563 93133 36091 70064 87291 63378 94096 42356 78613 40561 42777 24410 34427 43485 
5057 18
56288 92737 52320 35107 69573 37004 56493 54671 26128 20724 30101 27927 10394 37723 91836 27485 98302 51615 
5065 19
20130 28614 71880 40458 62380 75917 99758 69453 77520 71471 9950 32542 89812 63892 6870 311 3096 99038 28703 
972 20
2497 17859 35199 60423 47495 22442 67802 90445 41005 15185 27474 43377 55508 67061 42783 2389 16153 23737 54586 71103 
974 19
81697 75170 52218 50584 18023 36841 52876 18860 5647 59834 34577 59541 90806 8501 50200 44538 81788 29246 95871 
3026 20
77824 95553 77345 95428 9895 46120 2743 22250 28839 54088 33065 59567 91727 34292 5173 6166 55319 26360 59129 96927 
3038 19
83715 87299 42724 6021 78023 39175 74535 39108 35781 88556 15116 6670 69583 77961 54771 15187 77621 85081 87132 
993 19
15551 96099 73605 76936 37640 98506 98571 83276 73163 2896 61584 93522 3923 1939 82869 62743 5913 65658 81791 
3050 15
50044 17096 20139 77035 55851 31709 41617 7507 20053 89911 80440 14042 63291 69020 57053 
9200 17
81025 75076 40998 13319 95783 72874 86219 26733 94798 59635 8628 90870 49335 23736 5786 23611 15517 
7164 20
11969 1665 32675 1126 59655 92743 26683 16300 43695 15824 11250 51026 46932 88532 51927 22616 11034 4667 89788 93598 
9221 19
83297 88738 86722 90500 24514 76388 26344 93774 70487 67088 29873 19985 57012 8245 52725 25306 88825 84026 74554 
1036 16
92931 42501 52614 295 73575 48263 68330 72525 22638 27438 55088 32080 39091 46805 41086 96319 
5138 16
79360 48386 10533 39655 96137 20745 2221 8238 8507 58099 91315 56052 60787 50843 57020 52796 
3092 18
30594 76547 85027 31908 68998 61478 28130 30153 77378 18211 56358 45266 43220 97590 53688 52121 52667 41758 
1045 20
90560 87873 77344 63622 29992 38313 95978 54028 91949 41485 43439 17105 44114 20595 39892 20566 49560 56316 21886 25087 
7197 19
57825 50884 35493 37221 85002 29183 23852 17486 57881 40527 32052 60373 70548 33752 22905 79354 45087 9789 47711 
7201 19
23777 76802 5891 98275 17893 22662 54759 71365 71207 46664 2668 7886 1870 81726 33173 97303 95419 75421 38846 
3105 16
99072 67362 72548 9094 53895 8838 30762 10347 82604 42544 44849 3124 83542 11446 36374 70589 
1065 19
76483 50281 95946 91882 9836 77947 93966 33295 36080 56400 39346 78289 88148 9015 73016 54970 59899 87160 28543 
1071 20
71649 18563 24067 95206 6887 69803 15724 58381 72878 40591 93264 6476 32627 37300 54740 95444 51129 63642 95131 16958 
5169 19
26720 79585 42785 12931 94276 84648 60266 31372 7598 32860 49902 9265 81107 66741 29783 77688 55356 56605 96286 
7218 20
53763 75619 46565 19101 67526 9385 7404 10604 91340 17868 51664 45458 68180 41014 21624 42873 32922 58235 88476 49821 
7219 17
46688 99905 52610 80035 95844 76261 61498 65577 83244 8046 30095 79025 10771 6933 56374 10232 81402 
5172 20
71104 70466 5955 32583 52269 8430 17102 24432 4624 57587 67828 52564 863 6742 78612 22553 51447 57499 40985 45727 
3130 18
59713 92289 88641 79652 1414 26726 33482 23567 74193 56914 51923 16468 31519 82904 21113 61595 74557 71423 
9275 17
52454 68647 5993 44588 20719 73807 27217 96050 84400 54384 10678 24056 74937 34618 81883 55292 65439 
9277 19
61344 69537 82049 26618 32901 75269 17950 76296 71851 16941 98478 24431 1677 95698 8730 1404 52765 4990 85535 
7229 18
60416 77985 51104 92067 74080 56069 23014 26951 50216 38439 81355 33772 83214 23023 47866 82779 78364 44285 
5194 19
40763 44834 48164 80453 12776 52841 2889 4331 74765 72849 37746 22716 75220 65781 73398 23063 39995 39900 32863 
9290 18
88353 50434 63811 99620 94183 15785 3626 65867 83723 9037 73775 51600 74643 83509 84181 81724 55166 44351 
1099 18
81056 4067 74087 46920 36520 36492 429 36238 89199 67660 9996 45774 9047 1075 3027 74838 68919 85532 
9294 20
68640 7009 42080 59429 54341 37479 72711 747 57516 23597 16973 57295 33522 97076 48181 37909 42870 96726 89243 87581 
5202 17
97824 58369 60356 31782 21096 70761 19273 84619 86155 34541 18250 15311 24818 87187 62898 84690 65496 
3156 17
41314 50115 94725 70022 82727 18056 20300 17659 69169 44433 43827 41816 68184 60921 5883 48445 93278 
3169 20
32833 68833 45464 39686 27591 91815 88523 81404 55535 61712 21040 14258 51699 21488 97013 50325 47381 28600 83548 27517 
1133 20
80544 67618 23940 23045 20708 28103 6023 41188 89093 87020 20269 21741 24559 50898 22869 35861 84375 41625 4635 48670 
7287 18
18785 67875 47716 35972 75752 41289 53773 31373 73935 12943 51665 35538 56179 84244 31985 9724 70999 91452 
3205 20
96931 84068 30243 76807 71591 42953 82634 48744 69228 809 67438 89005 72304 34194 78036 20758 69207 54008 40700 56958 
7307 20
82144 22807 48963 80389 86853 57695 1736 60425 7843 75500 2575 69264 89015 83317 98806 9078 62934 22940 67741 94495 
7309 16
8224 78598 96743 92775 97897 81415 21771 52877 55667 9204 96211 75669 23223 4824 3127 96155 
3215 19
12289 87041 97697 56551 9127 56506 45484 48973 85996 23408 85233 94834 28626 16565 87224 76153 19258 17979 29694 
9360 18
90434 50690 73221 53414 34983 61639 79495 65510 10309 21817 24107 56144 30705 87026 78325 5046 80313 82589 
3220 16
54112 37185 82464 20613 90438 27113 24106 80587 8620 54061 54555 94160 19603 50392 8025 47995 
5272 17
37152 44610 14946 83652 18631 8396 79790 37519 49264 26000 50995 38740 54677 6228 82744 52185 37339 
9373 19
75104 63585 11392 71619 54309 42278 43687 26149 66104 8685 38801 14100 12790 70583 30136 86777 67642 47709 8126 
7330 19
36096 98435 62179 1190 62727 49032 7272 67048 50827 46124 43214 2640 64336 28662 82553 93978 73596 1405 99326 
5287 20
84768 78017 7137 74627 61540 28737 3206 74984 25386 69034 85930 70320 27536 3028 6389 80276 45300 8987 10141 25182 
3240 19
70624 95905 75140 40965 58788 88967 3239 24970 60493 59117 31503 12530 48404 31252 28472 66073 63771 2140 41151 
7339 20
56101 95078 5671 29480 53848 27500 29228 18156 72783 37395 47960 99861 32405 50903 28568 43162 2107 77692 32093 78398 
5293 18
9922 84325 53413 35175 77256 33515 47116 47308 32663 82871 51538 35732 91895 50072 10138 63548 59325 10206 
3250 19
86017 82689 41381 13094 3942 18470 53961 83947 2956 37840 84792 24436 58421 15285 64919 74616 85404 30398 87903 
1204 20
86720 11271 64777 88684 85773 54349 79823 12557 58673 62670 78355 50420 97140 6582 691 27545 29562 91388 11677 31487 
5305 18
77186 11876 41062 86953 23882 40781 70001 19571 23796 36309 43830 99155 47738 82840 6778 43610 89914 69757 
7358 20
6016 8226 45114 65508 36550 81543 46729 34122 34271 81897 88944 67570 65619 59605 63957 30585 47834 46203 41726 51487 
5311 19
85283 71301 81510 27 37385 82953 47594 26765 56186 73422 41168 40337 88308 75001 31674 76763 5980 52285 66267 
5314 18
9312 69025 92194 38435 63099 53574 22374 38887 67847 83466 74732 98446 25262 99930 64822 58746 40091 830 
5327 19
27648 94202 77762 51877 28744 88264 70315 5678 82095 90862 45937 99218 63407 9908 83701 71382 10520 12826 42237 
5337 19
672 64741 25542 83241 62762 91595 76649 39789 21581 78638 85424 24497 64465 34927 44852 89207 73977 89116 35646 
3301 20
96993 8738 40547 87044 19556 1990 17449 19561 35755 38908 31788 71697 89106 4947 70229 92476 4023 25109 16442 2972 
9449 17
38176 36705 41342 33921 66817 36389 34502 24837 61319 30370 24686 8497 70835 41236 53333 91385 63518 
1262 19
4865 60418 37217 52936 15082 81930 12010 97293 28974 63823 93039 99440 89874 76659 91379 91993 59548 89597 21917 
3313 19
15393 29372 76838 55400 27145 27001 78315 86764 69247 21240 54001 29810 15087 16056 61534 13500 39101 12670 97791 
3320 18
48480 89313 91490 90812 43708 29761 70630 20553 41739 29547 7118 1967 74031 11026 2011 30588 91773 34399 
9469 18
90241 78113 43010 8036 30660 24870 99494 31650 39753 31485 11627 4172 38285 33135 81909 35641 47485 62718 
3333 17
70240 8836 60774 30503 3656 82607 62736 82161 46745 80563 15281 58261 85361 50040 11737 67485 13790 
3340 18
96673 34884 33191 82696 76201 37866 77225 89643 1489 8177 66710 23964 7453 45755 31484 46621 64382 54815 
9487 20
9282 42850 35812 52169 32426 75819 32525 2958 54543 24335 76083 62805 32950 6038 98040 64606 30970 72923 75389 26750 
7444 19
86532 85502 6184 92427 53008 31409 41361 1106 85715 63381 47632 42359 342 19481 80241 27771 33052 7870 53247 
1302 19
36161 11106 87842 80549 44582 77959 30149 86249 80169 52201 33320 59592 80925 64725 10070 10683 60380 78333 70175 
1308 18
69792 33440 24003 96708 49382 18345 54475 99755 42318 98799 63857 45173 94006 47574 72568 78234 98811 42684 
7454 20
2689 60581 70501 4424 65962 78091 2732 68045 31054 17645 40925 96529 62802 69299 86612 47915 96982 33783 64954 36989 
3364 20
44704 40354 63077 9061 263 12458 4523 18219 89773 29613 36527 22334 16241 12337 26865 57623 14553 65692 43230 75871 
3376 19
5472 69567 5317 4966 44679 70632 80503 69095 7997 45742 52944 33396 9500 66007 53369 46074 27132 42109 43711 
1331 17
82656 12924 86946 81015 59974 41770 53581 38127 31281 69820 3541 25333 36055 59676 69818 72124 72349 
9524 16
24288 7908 16967 44681 66411 65932 9486 65628 73040 3758 83217 60147 99830 39320 1466 3388 
1334 20
55424 6596 61348 26470 95044 22186 5880 40785 69265 83091 45848 56533 41435 8339 63640 90521 15579 18461 27934 90367 
1340 18
2239 26338 46563 66307 48422 2184 56105 7227 7179 30989 83278 79385 11220 29399 9369 42587 18235 70815 
1349 19
17539 8164 74174 22375 56202 75694 28366 86640 94002 50069 63894 75381 32056 19353 45850 11511 44508 82237 42110 
1356 20
74656 89796 73445 77787 61543 7850 49706 15920 56979 63860 74453 1718 13975 98328 40507 57786 70779 83283 52190 66975 
3406 19
67680 53507 36740 3749 82917 55139 28551 39556 84299 66604 33196 37390 91345 2838 22649 82683 86556 2525 77535 
1364 20
61473 46785 78179 22118 9703 35016 43337 5480 95115 83629 6637 31631 36175 50191 7442 67215 53457 16602 18075 13278 
1367 18
82433 15715 98276 9091 86150 36998 51336 45539 13827 46282 22765 66062 84147 16532 11608 47353 91069 38559 
7512 20
93792 13473 60390 26310 63912 76456 45226 74 76140 50060 90572 50160 2705 88722 32530 64757 35094 25400 64121 8122 
9561 15
84354 12997 84165 68202 30124 79246 88051 23252 46612 73363 1847 82360 68025 75539 18515 
1378 18
49120 97441 99042 63363 54234 13891 73543 87112 74283 96525 20750 36275 60280 59220 76664 69497 23194 831 
3428 20
49856 44929 612 69864 47401 88298 87468 94797 61709 49358 53296 28439 63123 71379 97430 36727 39161 51354 25787 56796 
7525 18
69856 26753 52997 25477 39591 47337 98220 88013 45561 29807 42512 86673 97906 54004 90166 97017 45917 15870 
9577 19
21792 81441 83488 22691 77890 83169 70471 32744 35161 2887 49745 67762 61011 5681 39698 47865 82330 47131 25852 
7533 19
43745 70435 49380 87845 45926 37097 22825 61163 43403 69426 95154 52756 32632 46742 50358 52024 54296 20309 12511 
9582 20
82593 80930 25539 15781 84645 57117 26027 62732 68781 72460 71517 38096 49047 76051 91380 65333 18295 72058 79771 75325 
1390 18
77440 91844 27045 16486 42695 34984 10923 36942 52498 35068 16117 54901 21207 64952 93172 73468 77629 44031 
3439 19
39392 42178 47302 91591 97960 38761 20458 86189 75470 47501 62989 82258 55859 50004 64213 64887 10234 31612 43263 
1401 20
35776 41249 10209 25313 33765 40839 650 59882 4430 99567 89744 63603 18325 32087 63672 36831 88283 85309 21662 77727 
5498 20
73984 7012 82501 18596 32421 67497 80265 49611 68332 69515 81710 91118 49936 64137 16055 59315 73460 41495 90750 37239 
9596 17
58817 83745 92897 62020 70628 28257 6407 46877 82845 83441 36722 74803 36022 68283 51612 24317 52255 
3454 19
65984 4898 32422 61351 68136 19304 52330 98346 79703 84783 65778 65362 19732 55062 34871 31384 7321 9148 65309 
5503 18
95677 17089 64130 2403 24958 56070 86943 84016 17310 13043 39743 40308 55199 18873 4506 75005 39006 23775 
3459 20
17120 77920 28136 87562 24874 65964 25755 53358 12206 1678 71217 55157 87515 57400 33307 22522 75515 10876 97886 8575 
1420 19
76512 11526 89894 88102 26410 80524 39276 84686 24206 28783 24401 18028 82035 72371 20791 74425 46426 27803 1597 
7567 19
73283 4547 3780 61604 27587 72519 70694 26377 80550 34472 82185 95613 61202 43419 81367 95481 19642 57559 84061 
1438 18
12833 8610 28131 1026 42181 71586 81831 2534 57769 4492 97390 78128 65681 68407 23290 2235 10044 70205 
3490 17
73667 38819 28515 90057 523 9197 63597 42799 16656 47025 9042 36562 26325 26137 53819 25948 28574 
1453 20
68226 74243 39332 38811 25123 61255 54983 24651 59341 66733 12015 22832 28208 17714 51412 49749 15385 1339 70749 56190 
9647 19
20992 24037 47109 14951 22523 93830 25514 3723 25354 36874 6639 29392 15121 69201 46419 36307 77077 95318 35547 
1456 17
32097 98342 58663 93384 4361 65834 16266 67018 82125 47245 85133 47366 85686 47831 16986 14939 68541 
5551 20
53504 46752 2528 42531 30948 2017 12935 16393 40140 29773 82686 49872 2612 61909 35382 96884 25876 42489 99068 69726 
7602 19
92992 16194 66308 69532 84010 20107 93420 68971 35406 51179 73009 8564 55866 57756 24569 35322 62940 46366 19354 
3525 17
5122 33222 26248 80204 88124 9648 99793 11729 28338 53202 22992 89782 60690 97816 72796 39839 54655 
1478 20
70272 29280 94114 31959 89956 21990 94760 29736 44076 99281 40915 59763 95287 16541 11030 81910 88154 16091 56764 3165 
3526 16
76640 41057 4962 58112 18404 11525 55524 23684 74056 11688 69986 35922 31730 98517 55256 88159 
1486 18
65666 35907 14278 78407 53225 44282 72111 18832 96627 5811 39766 79319 11094 12250 13851 26716 40667 72607 
5583 18
59162 90531 4516 68806 31047 7432 56583 53929 79473 34931 44755 82006 26392 45946 8187 63516 34270 21855 
9692 17
95232 59362 38246 89000 44492 6893 53196 4046 17138 45235 10196 70740 94674 90107 49181 12574 991 
9694 20
88832 26048 42564 13030 39193 82890 21515 87914 97485 23054 727 80977 84433 7128 30232 37977 35226 87803 87868 43383 
5604 20
95456 83808 89538 98019 75707 63689 88745 26512 83291 19539 42354 26363 3229 98615 74267 9206 9978 60539 21085 63423 
5608 19
77152 72801 88551 81161 80523 55890 31023 77010 5011 25460 91541 77270 66487 31736 95222 19034 47547 27604 83487 
7661 15
44992 68801 92290 84057 44281 45542 89991 70379 92204 9357 49326 90672 84403 35896 61721 
5620 18
25599 64610 35236 549 91141 73353 81003 18124 83182 53935 82065 7954 43796 57909 47479 11003 21757 44319 
1537 20
91907 86409 2729 17099 72268 37321 87307 97801 42729 77438 12074 6451 48693 54007 10681 69114 33275 83836 61374 74527 
9737 19
71264 55201 71043 84487 48490 67947 6091 29742 67536 58047 14225 72656 66868 38358 41855 89434 29563 29309 86655 
3597 20
90138 43268 76133 73670 90342 10118 95110 59146 37962 30212 43181 40462 44464 15572 55285 11413 84345 26650 12667 82493 
1551 18
68416 12481 44066 56068 97317 37223 21609 57225 60973 51535 9404 57630 4790 8504 34746 2684 88606 41567 
1556 19
40897 19297 18307 82565 74855 53033 26954 30508 99500 94060 31645 16757 70486 91670 6231 27036 10303 39198 67871 
1557 17
11168 69284 60485 13668 85028 5543 64895 5566 2858 79620 49134 657 23157 24504 3194 23294 8127 
5654 18
3479 83268 13720 80070 49319 26060 3565 8560 55252 47669 87670 89846 26456 58774 94010 10907 59164 42559 
1561 18
90433 87458 5669 16710 92091 53032 38789 71237 18027 37612 9880 37006 27889 25619 30326 16984 58267 92126 
7709 19
28069 67654 88615 58854 53259 9816 23021 78733 70512 6194 24499 37972 56021 17174 91415 71892 69407 99195 80735 
5661 17
10593 7462 59624 44713 30888 35130 45935 34833 13716 75061 4310 82775 27768 56249 1178 83324 10847 
9760 19
88640 55041 24160 13954 74916 88970 31786 74169 22413 79470 91632 37745 10930 54485 36057 14682 17563 18717 70395 
5673 19
22496 68993 13124 7076 81990 30761 13898 40491 89370 61293 22702 91309 5547 67506 82515 15124 88499 31897 14906 
3629 20
24513 70113 93128 99147 88364 51851 21168 4753 16242 68531 5300 789 12758 64501 72472 44889 26714 66715 6044 5750 
1586 18
91872 9184 72033 81029 99143 6839 79629 42446 59150 5425 30002 64819 46358 37911 98168 75129 70460 45853 
7731 18
70586 72130 54980 74564 30295 89097 6507 53230 36559 52336 3217 31608 63158 4279 32855 19993 71930 22107 
9785 18
34944 44001 18022 6695 34697 42219 43724 90252 80556 33629 31183 94109 25684 3574 21399 82138 59260 53629 
7739 16
93056 58625 20740 17861 42148 43944 69544 67403 91052 11215 35185 18705 34932 14132 19893 96318 
9793 19
75649 79106 41827 66722 35267 20778 62251 55245 34477 89104 22105 66386 65939 45172 33714 49750 86745 41565 16158 
7747 18
96160 63041 71937 48522 59915 86636 23214 8911 38767 42904 25528 38585 83130 60059 75420 30365 86558 92543 
1606 19
89988 5223 95307 87052 14572 70957 74681 81745 73298 443 70198 92791 93400 60313 70712 81083 82204 16695 22806 
9805 20
3203 54566 69928 82251 55021 205 64975 30928 34639 23730 85938 60084 77204 20438 63350 25462 57977 61658 30299 53462 
1618 20
59552 30016 27330 97250 36 30245 41190 87687 2216 39408 43601 16210 81907 98289 37148 19733 34808 52505 89628 59773 
9819 19
42238 7682 5316 2436 74238 39433 61198 47311 95822 60785 51889 24020 85430 89719 83450 62939 69244 93374 67391 
9821 19
53120 91297 58818 59651 32324 47720 63208 93674 39084 56717 81806 13743 78544 21714 63571 98068 39547 77756 95071 
5730 16
37474 21283 63395 5509 17026 67271 69449 97162 51948 91283 34036 99539 7350 24823 97370 15805 
7778 18
94425 61798 42265 5864 73390 14991 33584 50991 15216 29778 2459 88405 59063 51192 51033 50747 36990 43455 
9836 20
54368 34747 37094 65991 93608 85288 84746 32683 63244 10156 32046 72558 86374 78858 15151 46523 79991 64956 49563 92220 
9847 20
53569 81346 76930 86436 49572 34886 40102 42249 83562 31148 67470 25360 37905 85170 11764 98774 83320 90236 96190 51583 
1656 18
43936 24609 25507 44711 65224 60616 88168 97291 72509 35245 23470 93771 86226 37811 87475 19251 61273 1053 
1661 20
39745 51298 78657 63329 31834 11558 52131 85544 88907 35534 41620 148 86486 54200 24792 38934 75322 61243 99581 24511 
9855 20
84226 60258 79077 24583 18568 56073 64392 34698 14014 31629 89198 69233 2999 94033 51479 74200 83257 55738 45533 21342 
5761 20
58848 49440 51586 59747 70757 90886 58793 82537 82127 83633 90546 10195 13204 84117 17367 9465 22202 19707 7101 77951 
1683 19
99745 97826 28803 16740 24291 20579 87175 99563 65612 62990 74641 76241 55987 71602 26994 11831 26936 95226 69275 
7833 20
55296 28929 27970 65603 77924 96292 17284 25955 13413 28263 15040 76171 81100 75439 82706 13335 48921 951 80729 6455 
7834 19
35584 7810 54148 34715 46790 49481 8043 17644 5965 58700 28688 43920 63472 15667 51735 42104 66811 60732 19199 
7839 19
56161 16484 25222 13704 33866 74508 33645 60653 80364 25682 66130 4628 99122 67734 94038 53652 24635 26812 99997 
7841 19
73346 92195 29245 17413 29602 13603 59880 38953 18316 91832 53855 32406 34294 40280 48987 47100 72893 24318 51679 
7843 20
42817 3970 74467 99266 77573 9698 75591 15016 5667 40070 31208 17796 20265 13585 44404 40884 9526 31352 38684 45791 
3761 20
32960 97569 55714 6914 68579 36152 68646 95687 69288 41286 63048 51684 39340 9296 58738 89142 11607 55676 88316 18111 
1721 18
6368 75648 12706 46182 96680 66601 26762 45900 12941 29998 97360 9681 1328 979 92021 1271 49144 13436 
1726 19
43904 18466 75490 58299 20072 28713 73610 84172 39951 65232 3281 5840 96499 16183 63258 68987 75996 28478 47647 
1730 19
83809 39910 61511 96830 14125 2446 24367 3985 33137 29521 62644 92916 23635 60663 72761 31005 19580 14141 68670 
1732 18
83200 20354 85095 81321 51465 36969 36844 79532 77835 66346 13456 59602 69460 86390 42712 13721 35228 95742 
9926 19
28125 85636 84581 78372 93284 60582 60362 88696 90990 31119 51440 96756 83446 56215 47992 71798 81947 64989 61502 
9951 18
93979 30497 51430 49895 50730 99083 77165 44718 50703 6896 23612 79279 98805 83863 30746 64155 29724 75166 
3815 18
14465 61699 60964 42691 46374 18904 92909 34414 17945 77166 46480 7154 32339 77528 63161 4154 23933 51966 
5864 17
53152 64865 68544 92453 25414 13095 59944 21317 17286 15566 43119 80337 42196 99285 21909 8476 90621 
9963 19
32448 51392 66242 54749 55717 13159 9928 47722 35723 3471 99824 23537 74257 34741 43895 1914 27003 11101 13534 
7920 20
89857 13218 42019 9604 22341 39962 77123 808 5772 74158 88474 77008 7006 99381 73462 32889 75802 12732 82750 16447 
5873 20
26816 34432 25664 10884 80581 31494 45383 71845 51111 72106 76811 49162 42960 64148 52916 97334 68214 54746 30683 11228 
7922 19
97664 53090 71172 59814 60934 98150 98409 27402 40713 68941 93038 66895 55821 27539 28021 50517 30135 87544 44733 
5878 19
37761 77185 40835 74694 59590 66952 44649 98054 76678 3227 31596 99054 26382 560 69799 24235 54676 9243 84287 
7927 17
63522 76771 54344 88265 80715 82475 24525 88206 88463 74770 70707 2707 25715 33496 5753 86458 7036 
5883 18
97060 46693 16870 64138 4846 31854 39790 85585 30065 36814 5749 43798 83191 84184 7641 87478 68537 52764 
9980 19
95073 65284 75845 678 64647 62181 67749 13131 26187 71117 7725 27823 76719 29629 65687 18809 93626 54620 90109 
9985 19
46976 352 5474 71651 81477 18118 4521 27065 94829 13262 57997 39791 43277 95315 86708 35989 44342 31641 81469 
3846 18
32416 4354 76291 46091 8076 22221 67435 62066 21906 3956 71346 46483 82743 93944 66810 2396 75070 63839 
1803 20
99296 60834 40407 11354 15430 99959 65450 4746 74092 88812 6187 55820 66257 90642 29714 49557 39287 4666 30171 20220 
3851 19
38306 39971 93541 55910 2886 63080 75529 68778 52840 77962 55857 83123 10676 56534 94392 95097 99995 76669 50622 
1812 20
40192 52135 87752 53322 38890 78892 89741 78702 54479 52496 65584 66766 86931 97811 81393 90159 85113 26813 89310 87679 
5917 20
8769 67427 65539 40222 49539 26981 95004 44745 27465 43678 10382 61071 27251 84627 78933 61491 22198 75324 80670 62847 
7984 19
44930 96995 98660 40900 91557 97991 56008 6981 7690 27980 38861 59248 78896 57104 88120 57279 83098 60574 55615 
5956 18
18497 57377 73217 34372 23111 7784 65480 66314 93419 51647 33959 61150 81811 92215 62969 89882 1566 83263 
5957 18
7362 73285 41798 92937 14059 12683 9519 93648 11601 15857 4178 69655 16118 38263 45400 69754 30236 56863 
8006 19
41921 99907 48008 60392 3051 91501 92461 4207 3696 24175 5618 84046 14832 4818 62620 18103 79417 5148 11358 
5971 19
89985 17058 59170 66882 83747 36326 38344 70249 29132 29902 74513 33269 22971 22135 37400 48281 26586 30555 46878 
3940 17
21728 46368 97083 93821 82599 58153 81194 95469 86701 94706 49524 37621 13590 15831 99161 31355 30845 
8046 20
70753 53756 13731 51652 16932 67877 47686 35624 1801 19009 80588 52846 93679 53710 59572 70965 9462 23451 89532 48638 
1906 18
75392 12547 39267 94019 56452 57508 64520 12108 47343 14576 33200 4114 49715 26068 10481 71320 41627 28221 
6013 19
17024 16065 5349 32039 43721 57774 26446 61328 87377 71700 30868 35095 20248 17529 58394 21371 45116 76634 49022 
6017 19
23138 96869 76518 99079 97607 90217 13927 46107 908 27909 76080 44017 24947 36596 47062 80407 90235 99549 81823 
3979 17
93216 10049 45443 45508 60135 26728 64361 74542 23630 96016 12753 32274 9043 530 94197 20470 92409 
1949 20
24096 2883 63589 21318 77607 1416 29512 99686 7767 18968 52845 46254 98832 75188 99572 96757 41367 71256 82966 5658 
8093 17
84931 3141 34533 15847 39976 53286 89863 5675 18541 1934 22993 17236 35669 93112 97945 11320 46747 
8099 20
93601 30841 17593 31370 3692 79468 56783 22224 70865 68658 57619 90324 62421 8566 27412 96664 93657 9270 26491 58652 
4005 19
10721 86819 1828 74340 54756 21799 76007 71579 26570 1005 48175 50223 70546 28436 5108 17846 53431 17722 65563 
1963 20
41602 85379 65636 77314 21730 95370 41579 36653 27447 53039 22925 70641 61203 36219 47421 41207 60410 6107 33341 41118 
1965 20
77409 68900 82661 66213 42917 8328 84680 41962 9483 68267 16874 84494 35886 53425 98994 59542 12248 5083 80861 12158 
1966 17
60672 51362 78308 18759 44201 8523 83275 14222 42289 57809 83505 79121 69105 96754 32503 89946 22877 
4024 19
56000 7872 96867 74278 71113 67597 40333 71537 70994 56147 47185 97843 25713 67415 88984 62073 61395 85138 74750 
1977 19
49282 30722 80164 58468 67078 44362 79439 26223 89875 43892 93365 53076 35476 30488 94900 58335 74523 86932 64735 
8124 19
77569 60124 17381 92010 64953 73964 96909 9262 24203 16017 93906 42355 69653 91445 74777 43674 47515 20796 63901 
1985 19
85728 52897 17474 55034 15175 44967 21898 72046 12654 21711 46771 77460 71188 75766 50199 21684 53075 36762 61947 
1991 19
64320 85632 48448 94371 68417 5893 73953 66087 44969 74190 19294 17969 39315 60564 86998 10423 39228 94589 17214 
2005 18
36257 26904 95397 77068 94316 21358 84815 57394 65171 94802 85118 78552 31161 83642 70907 97916 19293 17246 
2013 19
9792 16225 71968 23008 51428 65444 22440 25257 58155 51244 53835 64823 31217 44499 92691 41015 79480 64668 95549 
2023 20
17888 89505 96004 68773 64230 4709 65288 16809 14117 44072 68558 19183 71120 32472 80121 25754 10811 29948 65821 3966 
4073 17
10082 28100 15461 15207 46024 54761 63376 42866 74354 80978 26997 27061 68855 27832 2359 53563 55069 
8181 18
29408 74272 34337 76450 23141 52171 59532 40430 45999 80560 37489 39996 82963 56597 83126 15098 7259 49564 
6134 20
58272 14464 84770 3 72197 8314 54442 88845 15983 93362 53746 20223 83989 28511 59575 17304 16441 15130 21341 46847 
4089 18
73313 92034 17923 33144 51237 56486 80200 90666 44781 10863 23728 8625 41204 99157 81364 28599 73720 18207 
2044 19
34336 64546 73699 90947 69029 92294 39554 29958 63723 89068 2766 63471 79761 71861 69976 25945 27066 7230 84863 
2047 19
19298 7932 16869 80520 956 28650 5708 75276 85450 44463 81296 37522 65400 75223 10296 31450 29083 94556 16253 
