207
2560 19
61536 12033 47585 30532 57157 23625 54891 9355 34286 3919 87694 36243 53012 42077 46678 47035 50332 90653 98687 
1537 20
91907 86409 2729 17099 72268 37321 87307 97801 42729 77438 12074 6451 48693 54007 10681 69114 33275 83836 61374 74527 
9732 19
23745 5122 50564 34279 59657 25547 68587 27469 14832 97489 45457 23923 21619 16150 91031 46395 30621 97694 70399 
9221 19
83297 88738 86722 90500 24514 76388 26344 93774 70487 67088 29873 19985 57012 8245 52725 25306 88825 84026 74554 
1542 20
37154 41059 50781 86246 48422 57961 46442 2698 23501 53326 41041 88883 20852 35572 32276 47800 74937 43483 91068 25437 
2054 20
44097 64706 38213 80293 6185 93387 91659 64013 78222 78287 57039 15150 45711 1710 27668 94677 85047 59767 2201 92636 
5639 20
47904 18113 10915 3492 34598 9399 93994 36910 54255 48368 6993 37394 83004 56052 24597 98037 80119 40505 5820 35423 
3597 20
90138 43268 76133 73670 90342 10118 95110 59146 37962 30212 43181 40462 44464 15572 55285 11413 84345 26650 12667 82493 
19 20
84320 289 57153 2596 33832 10987 77516 84845 54031 53181 50289 45938 31923 59697 53043 41297 15417 62074 34109 82303 
532 18
86400 79778 55620 83846 9513 78986 50729 75534 22798 28371 91636 40565 67734 4761 41915 89500 44285 92286 
4630 20
94786 66660 29479 7177 67946 79817 84525 84719 82768 54033 72945 368 43959 57171 91356 28823 48216 47610 69243 7100 
1561 18
90433 87458 5669 16710 92091 53032 38789 71237 18027 37612 9880 37006 27889 25619 30326 16984 58267 92126 
9242 19
29313 74072 10725 31590 42919 52262 37862 54825 89260 49420 37102 26479 78355 1941 3638 21470 33400 86748 6430 
7197 19
57825 50884 35493 37221 85002 29183 23852 17486 57881 40527 32052 60373 70548 33752 22905 79354 45087 9789 47711 
7709 19
28069 67654 88615 58854 53259 9816 23021 78733 70512 6194 24499 37972 56021 17174 91415 71892 69407 99195 80735 
8736 20
33504 350 8865 51427 60008 85576 33706 66827 25964 21646 69455 38512 49650 11859 16084 80692 94262 5591 24446 90079 
6688 20
81121 61095 36135 31499 91244 83085 79150 31119 92751 55025 91570 22578 9103 64789 90381 49367 82872 94490 31997 89247 
2595 20
74434 6211 99774 58789 56102 37988 43589 7402 85163 20237 47277 32210 65394 24051 53077 14294 21527 68600 89403 4574 
2596 18
85984 8770 99555 92388 99463 39432 13673 89768 81132 61967 62448 76435 77235 27348 27542 34838 7317 55132 
6185 19
47875 4259 92901 81670 39140 80553 50605 1550 75533 49168 13777 10957 43886 85140 88182 64503 26521 94908 53631 
1065 19
76483 50281 95946 91882 9836 77947 93966 33295 36080 56400 39346 78289 88148 9015 73016 54970 59899 87160 28543 
4139 19
31040 37278 99384 42697 58217 30583 98735 22546 17427 49140 81556 66706 88407 31160 4532 56378 15677 54109 29502 
8750 18
7264 49185 44610 88161 58401 34853 92134 31847 22364 51553 38092 32270 83312 87766 56668 74777 62683 9468 
1071 20
71649 18563 24067 95206 6887 69803 15724 58381 72878 40591 93264 6476 32627 37300 54740 95444 51129 63642 95131 16958 
3120 20
81665 82105 16260 74725 89957 807 85769 41195 80761 75149 92494 3756 70284 86000 63599 45779 72215 54200 95577 99902 
6193 20
35872 30943 5896 39912 8650 99532 46958 3566 81647 9104 36402 60882 91125 90838 75383 48885 86553 80380 14845 6591 
7218 20
53763 75619 46565 19101 67526 9385 7404 10604 91340 17868 51664 45458 68180 41014 21624 42873 32922 58235 88476 49821 
2611 19
46689 71017 85641 35787 2252 75980 97483 29310 20784 55573 57813 72537 52184 70329 29626 20379 2013 30014 42207 
5172 20
71104 70466 5955 32583 52269 8430 17102 24432 4624 57587 67828 52564 863 6742 78612 22553 51447 57499 40985 45727 
7219 17
46688 99905 52610 80035 95844 76261 61498 65577 83244 8046 30095 79025 10771 6933 56374 10232 81402 
9269 20
26592 22497 17441 19235 96352 29253 86757 59944 95977 9353 26347 16975 23676 76753 57458 20210 93686 23128 37052 50815 
1586 18
91872 9184 72033 81029 99143 6839 79629 42446 59150 5425 30002 64819 46358 37911 98168 75129 70460 45853 
6715 18
92033 94724 69349 26822 49510 9544 96008 35878 3598 70288 34769 95314 67956 21077 75926 68116 1147 98111 
9277 19
61344 69537 82049 26618 32901 75269 17950 76296 71851 16941 98478 24431 1677 95698 8730 1404 52765 4990 85535 
1598 19
81280 9729 3331 51557 56326 93254 64519 13254 38763 30557 17390 76495 10902 11831 38745 79514 57788 34493 11607 
6718 20
6306 84004 46024 73545 45002 76171 65227 22505 5870 1672 25050 49208 48788 21013 90174 14462 38427 90812 86973 11486 
1606 19
89988 5223 95307 87052 14572 70957 74681 81745 73298 443 70198 92791 93400 60313 70712 81083 82204 16695 22806 
2631 20
53154 46628 72613 11334 92325 98470 91910 28844 63405 48846 49839 39248 72913 65968 51443 41551 30747 27196 95646 86463 
6727 19
89985 35650 33345 20419 99493 89031 169 9678 751 33423 68367 27475 9975 71129 46683 99419 53500 3037 62815 
6217 19
26532 24966 39143 42311 31558 76904 45158 48716 3693 85806 94618 69296 11473 67029 35640 13626 12635 21660 23486 
4172 20
24224 34144 93456 61291 37227 81230 11279 25870 1809 89841 76947 24564 87093 95094 76277 64796 73170 9431 375 67135 
9805 20
3203 54566 69928 82251 55021 205 64975 30928 34639 23730 85938 60084 77204 20438 63350 25462 57977 61658 30299 53462 
9806 20
32539 63040 3034 17347 90405 66792 75753 5897 91531 27565 25166 5999 45685 66069 23799 49240 7833 51194 26491 48636 
9294 20
68640 7009 42080 59429 54341 37479 72711 747 57516 23597 16973 57295 33522 97076 48181 37909 42870 96726 89243 87581 
2643 20
48641 47714 92516 31813 88998 60965 27112 55530 19499 60587 47531 16944 46099 14964 92984 38170 571 72861 72542 70175 
2644 20
57696 43777 45568 84739 4356 45285 8260 91944 27945 21544 25096 53516 86827 86734 6193 35476 45494 76246 25465 35291 
4188 20
78816 40737 61376 9443 78967 55107 53254 98086 3949 74653 61295 94512 9776 4685 42996 95029 65716 48855 24790 49469 
6236 20
72514 31748 97316 88550 26472 74537 46152 23755 43916 21997 89773 95663 6736 89011 49075 85494 37495 89336 67257 71100 
3169 20
32833 68833 45464 39686 27591 91815 88523 81404 55535 61712 21040 14258 51699 21488 97013 50325 47381 28600 83548 27517 
6247 19
68930 39781 57766 52998 87397 93861 82602 17357 13773 97839 84919 9586 1267 16436 43826 87127 1016 80219 23903 
2664 19
84514 47589 73448 39531 30059 91693 73485 31295 96111 47150 54995 80596 70202 57718 69525 57976 65434 52093 60287 
3177 20
41280 35387 8418 70659 72611 95748 11779 3463 61995 53291 47795 42259 36917 3862 22071 77499 6937 95194 20571 87898 
2666 17
4386 33667 60452 86730 55114 25484 26796 18220 78768 88819 24085 76598 29143 77976 95190 15898 53405 
9836 20
54368 34747 37094 65991 93608 85288 84746 32683 63244 10156 32046 72558 86374 78858 15151 46523 79991 64956 49563 92220 
1133 20
80544 67618 23940 23045 20708 28103 6023 41188 89093 87020 20269 21741 24559 50898 22869 35861 84375 41625 4635 48670 
8301 20
91618 93091 73315 56580 80421 60520 59243 79564 68204 33035 23887 25209 77553 42833 94550 79257 44378 77403 8668 86813 
7793 19
71042 76578 19140 94310 72487 72328 74441 20711 64014 58735 32914 18067 31285 85846 73878 61304 32793 45180 76605 
6258 20
80381 86338 52036 61990 4743 78186 64880 89297 79538 39742 40405 6905 99517 18166 2681 1626 49500 91261 56382 18399 
5239 20
32705 77922 98401 60645 60165 93034 20909 99630 85295 77807 78457 96215 31060 77815 40472 72887 84346 48604 84253 84030 
7287 18
18785 67875 47716 35972 75752 41289 53773 31373 73935 12943 51665 35538 56179 84244 31985 9724 70999 91452 
9847 20
53569 81346 76930 86436 49572 34886 40102 42249 83562 31148 67470 25360 37905 85170 11764 98774 83320 90236 96190 51583 
8834 20
28952 33122 15140 27208 73288 66250 24810 32461 27790 47536 69488 20112 29971 17043 94166 57592 26969 80124 47838 94079 
5763 20
68800 63137 24823 95236 59364 69478 25576 71306 26444 94605 37166 78572 53009 86642 76502 66230 59160 75194 53371 66108 
1670 20
76288 9793 56610 71716 1764 74694 16775 51718 68138 63980 93037 68239 4625 3253 68278 3093 23129 7834 2236 38845 
7815 19
56576 6691 47844 5927 35113 82861 99502 29279 21168 43089 90067 65395 69558 79735 13176 9755 48124 83165 90719 
8839 19
62467 48420 66404 4964 61444 76776 30601 17418 93992 73517 24954 81713 13780 11548 15830 79479 80409 25978 25692 
9359 19
35104 34050 64099 81348 16230 76616 72169 73996 82061 3917 8847 68912 89808 13330 63696 25878 27446 50397 1087 
2708 20
75651 64931 46311 74184 96552 42940 43114 57484 37677 73774 14008 39506 58419 34517 82422 96343 28024 56282 14779 83932 
661 20
31489 41272 15297 50977 66405 15973 49350 77606 48941 87312 86001 32402 55860 25973 5110 44823 9112 83190 46618 26557 
7834 19
35584 7810 54148 34715 46790 49481 8043 17644 5965 58700 28688 43920 63472 15667 51735 42104 66811 60732 19199 
1692 19
36480 68516 44581 45606 12711 3721 1643 93036 93935 13679 56466 97683 87509 26326 17111 19384 75801 56858 51199 
4255 20
63616 30433 77860 86341 86820 86205 72649 67242 36939 82795 81866 99761 43634 96564 26711 56287 49819 64636 4701 80831 
5280 19
24160 23202 40099 13124 25926 54599 82615 74762 85419 33324 7245 18672 59088 43188 85492 79446 61687 40635 20382 
165 19
37089 91426 78531 6338 28355 81958 76135 51720 78600 71402 77356 57068 33518 29967 77458 56855 70232 88798 82111 
5287 20
84768 78017 7137 74627 61540 28737 3206 74984 25386 69034 85930 70320 27536 3028 6389 80276 45300 8987 10141 25182 
3240 19
70624 95905 75140 40965 58788 88967 3239 24970 60493 59117 31503 12530 48404 31252 28472 66073 63771 2140 41151 
7339 20
56101 95078 5671 29480 53848 27500 29228 18156 72783 37395 47960 99861 32405 50903 28568 43162 2107 77692 32093 78398 
1708 19
85474 63266 67395 7109 35718 47750 30200 55210 30026 45679 30138 13969 97263 5363 73555 79508 16336 93112 42746 
5294 20
22848 48322 42723 35912 24523 77661 98765 93228 95852 99504 87435 80627 78899 48438 14456 16698 22139 93883 28350 78911 
4271 20
26395 49633 18754 24347 16292 20987 29450 34348 61454 54256 44465 68113 71604 12340 1111 48279 43577 28379 86717 11583 
6832 19
20256 39171 59365 65767 935 96968 83082 18282 72490 86543 80719 17907 25364 22132 44438 26356 99670 91032 25371 
4275 20
80800 39744 47970 21220 86342 63686 93416 46631 32042 86091 99148 71821 92110 60857 70417 4338 95189 2809 98905 80892 
6836 20
7098 35649 13539 60963 63685 46021 43972 47880 11927 8810 9803 2475 76334 43887 20434 73748 44567 34777 16538 39964 
8884 18
68993 42053 3550 55880 59177 6991 63572 36919 22326 12151 20310 82713 67226 90230 26684 11645 94654 96767 
1725 19
74978 47814 23399 58216 21222 75688 83499 73196 72812 64105 37583 51028 96309 83255 11418 98779 47773 19198 20639 
7358 20
6016 8226 45114 65508 36550 81543 46729 34122 34271 81897 88944 67570 65619 59605 63957 30585 47834 46203 41726 51487 
5311 19
85283 71301 81510 27 37385 82953 47594 26765 56186 73422 41168 40337 88308 75001 31674 76763 5980 52285 66267 
1215 19
87296 28288 93761 31267 51428 92420 38052 11905 67496 76553 4878 72463 66450 78323 38005 3191 32697 72157 74238 
8385 19
48764 41505 12131 50374 47878 8231 88746 99595 69228 17066 74830 62862 75733 44086 42967 10972 22621 98942 42303 
8903 20
68033 18017 36675 2106 57029 23782 78859 97548 85260 41038 99759 27919 25647 15826 97455 32021 34201 72762 89694 57343 
2253 20
16480 92577 225 71521 43078 73192 15113 15369 97419 16297 47500 55119 89202 37203 40755 77523 25107 96855 89178 41436 
6350 20
77825 80162 88930 95651 12098 29478 95079 48297 91017 29897 51631 13595 22137 85008 28244 81013 91967 90683 93115 74719 
9937 20
66338 93635 65351 27017 32255 8300 19533 23664 80626 64210 93171 86547 71638 80087 67641 33274 55483 16797 93406 73695 
7380 20
35840 86337 87971 77412 90981 60646 91080 31465 38921 60172 28082 20947 93267 64757 12342 2230 49526 37914 82460 86398 
8405 20
55744 14680 94531 15557 54822 4455 17767 8937 75782 23404 27052 35887 62327 29265 86386 2869 11318 85493 70616 21434 
1750 20
84480 10305 54370 91749 68603 64392 70715 44587 68908 7149 91723 11023 97517 74833 41618 80077 62902 3419 28733 18814 
8407 17
58976 71975 43528 553 61032 53003 13322 71533 1674 35536 29682 24530 73812 90837 32342 36215 49023 
8408 19
23584 4098 40222 27938 63077 31076 69966 13455 3312 47632 23569 16222 22006 35896 9756 82975 37821 46750 5279 
5337 19
672 64741 25542 83241 62762 91595 76649 39789 21581 78638 85424 24497 64465 34927 44852 89207 73977 89116 35646 
8922 20
50624 42017 67842 81571 84996 77920 18982 39595 3565 89647 20304 41981 96594 21587 66324 54162 44118 85397 65273 65981 
7901 19
83517 57830 72008 58602 83308 80845 18318 57998 2992 51089 88594 88339 99186 29644 26579 46423 29395 10970 16893 
7389 18
23459 65733 55750 73191 19237 50251 43180 8061 77292 57523 18996 28797 7893 88532 52922 96539 6141 24479 
6370 20
43840 25601 60385 46583 33734 40362 84683 427 3501 93870 34253 32239 18097 94898 32566 91160 48312 93433 37690 88380 
1764 19
77315 56196 48550 13065 12587 14379 21325 20779 11406 14640 65649 47404 65781 12597 56758 64281 56985 54107 44025 
3301 20
96993 8738 40547 87044 19556 1990 17449 19561 35755 38908 31788 71697 89106 4947 70229 92476 4023 25109 16442 2972 
1766 19
67168 72289 77826 79777 6660 12421 61094 13224 81273 554 24458 75696 93776 74387 75892 50775 52409 53596 69757 
1262 19
4865 60418 37217 52936 15082 81930 12010 97293 28974 63823 93039 99440 89874 76659 91379 91993 59548 89597 21917 
3313 19
15393 29372 76838 55400 27145 27001 78315 86764 69247 21240 54001 29810 15087 16056 61534 13500 39101 12670 97791 
243 20
34016 33857 81411 22596 8039 28617 19979 66764 67052 25516 43824 90322 3667 48340 27509 40821 91767 4157 85694 14463 
251 20
42849 80354 56930 88034 2436 28038 30980 49704 43465 6156 16364 51726 96369 41394 68948 30613 36245 36247 42139 380 
9980 19
95073 65284 75845 678 64647 62181 67749 13131 26187 71117 7725 27823 76719 29629 65687 18809 93626 54620 90109 
5883 18
97060 46693 16870 64138 4846 31854 39790 85585 30065 36814 5749 43798 83191 84184 7641 87478 68537 52764 
6910 20
84035 30148 10629 83844 68231 15432 59656 77514 92039 15916 24360 29866 29904 34096 42546 74100 1461 72794 1819 79901 
5371 20
62941 19200 13317 92326 17832 67048 88714 49611 6973 27757 30254 64207 36848 76146 148 44981 70107 92824 16987 59805 
9985 19
46976 352 5474 71651 81477 18118 4521 27065 94829 13262 57997 39791 43277 95315 86708 35989 44342 31641 81469 
8964 20
88448 35362 17605 31142 80136 9673 83880 76338 9849 75538 64755 93683 58163 80145 43860 4600 53561 97490 15675 96959 
4871 20
18945 83073 58146 79041 52743 98377 55914 17164 12492 2030 29616 68337 66996 50357 17652 11543 42134 920 72701 10014 
6408 20
96312 35842 7013 26662 45766 72073 89199 68047 96625 95538 97811 75829 88726 20727 75512 1689 71706 28955 93948 67157 
3340 18
96673 34884 33191 82696 76201 37866 77225 89643 1489 8177 66710 23964 7453 45755 31484 46621 64382 54815 
2829 19
77091 97508 82823 91369 9546 52043 74154 96141 91436 56084 85013 41562 13207 85080 60182 85274 27028 8252 97725 
2830 19
2816 11521 27169 81508 93477 65030 2023 66058 22923 85802 74125 69904 24754 62515 3571 43765 73779 50999 52506 
9487 20
9282 42850 35812 52169 32426 75819 32525 2958 54543 24335 76083 62805 32950 6038 98040 64606 30970 72923 75389 26750 
8472 20
1120 27105 52642 42883 28863 46723 31206 88166 40905 78122 47754 99210 74540 71149 42765 96439 96632 37818 15709 87231 
6937 20
44769 15426 89923 33859 85692 64550 90470 36164 96138 60107 62072 63659 80846 97743 20272 47247 6552 26012 62652 2814 
5928 20
89184 58680 98020 6437 30727 16327 73704 82890 46283 92971 71629 70381 9901 6800 93169 48786 58003 42070 2104 89660 
7984 19
44930 96995 98660 40900 91557 97991 56008 6981 7690 27980 38861 59248 78896 57104 88120 57279 83098 60574 55615 
4401 17
8449 2498 96546 53624 92631 10694 66987 176 91057 55061 40054 12535 89240 90009 27963 55517 13369 
1841 20
21689 9497 2761 8138 57389 66478 47022 37199 92269 95102 76892 10323 31189 90937 99961 6586 3036 84061 89534 77503 
7988 19
77953 11809 99652 38340 29220 73639 73737 71914 60842 56908 78125 54800 74963 52276 6005 92503 99324 56061 50143 
9530 19
94433 91234 8645 3782 70247 78919 27657 72234 65930 83438 5518 84206 71665 30646 71577 46332 59229 18334 3263 
7484 20
35042 74915 30428 97413 94567 33899 51693 62288 1233 83090 33011 499 6999 13048 27513 68859 24604 89053 31262 80159 
4413 20
49728 57058 66666 14730 20941 91694 18639 7762 37650 46770 3122 32534 84151 10327 20025 68090 59260 86589 28378 7199 
7485 20
26815 11459 78824 23497 92488 17261 12622 74992 93074 36115 66322 71957 24630 75863 62708 1530 97948 83709 91006 45375 
6468 20
33024 39842 29476 93445 84678 60710 68680 2730 5418 52653 45359 3664 85490 43956 38772 12308 6743 70998 81275 15038 
9029 19
16128 93249 9474 87109 76134 15784 8174 54927 63312 73968 15282 90513 14741 26710 67385 21238 67865 86492 15325 
1356 20
74656 89796 73445 77787 61543 7850 49706 15920 56979 63860 74453 1718 13975 98328 40507 57786 70779 83283 52190 66975 
333 20
83552 77281 66274 28898 22979 42018 56452 65703 26728 54340 85210 2253 629 14167 56312 98009 43130 66077 16094 17375 
2384 19
47168 75040 40514 44035 28226 92352 74373 66377 40138 34763 84077 89392 32593 6258 65527 15032 52570 72828 83871 
4433 20
12864 94976 51203 66372 23365 64294 63561 68362 53097 43036 46541 10802 27731 84020 54230 38711 19352 29276 51197 66206 
8531 20
51681 30210 18210 76901 65222 45256 31881 1931 36364 29678 98543 87376 179 95539 36051 47191 64312 63130 81979 52444 
1364 20
61473 46785 78179 22118 9703 35016 43337 5480 95115 83629 6637 31631 36175 50191 7442 67215 53457 16602 18075 13278 
3928 20
76960 49155 88388 67684 81414 98055 32229 11109 15018 99984 1040 36372 94388 20790 30902 75480 45529 41979 27612 79929 
2392 19
49985 24706 45798 60584 9482 19690 95757 27503 48016 42608 62322 50451 5874 49173 13110 20247 38070 61950 61279 
349 20
71808 55168 10212 93253 73350 17897 45706 64201 56492 83215 87536 97265 49971 20469 18167 59352 39545 92378 34171 99807 
5469 18
34624 6240 71779 66309 66396 41959 71115 5116 53581 94990 28439 90219 95665 24373 81175 80793 65340 61342 
1379 19
29568 79392 30402 6759 99303 70157 18061 50974 5584 54450 35731 94194 40691 98744 13597 91675 33885 26558 50975 
9060 19
47744 32288 21954 28418 82115 49125 58438 15588 85768 91847 51498 30539 3631 2832 75184 17460 78524 39421 73534 
2922 20
75524 42405 9446 32682 62828 16526 19408 72305 51794 87058 33656 88220 45653 76311 33208 30076 26814 72829 40862 53663 
875 18
31777 66502 83367 18696 50280 7369 25801 23244 19725 76351 58702 16430 69768 1076 45012 22879 34973 24063 
7533 19
43745 70435 49380 87845 45926 37097 22825 61163 43403 69426 95154 52756 32632 46742 50358 52024 54296 20309 12511 
9582 20
82593 80930 25539 15781 84645 57117 26027 62732 68781 72460 71517 38096 49047 76051 91380 65333 18295 72058 79771 75325 
8046 20
70753 53756 13731 51652 16932 67877 47686 35624 1801 19009 80588 52846 93679 53710 59572 70965 9462 23451 89532 48638 
2929 17
87204 30469 136 21993 27465 35499 43243 46862 38703 44911 54481 70385 27023 38518 58328 91547 81535 
7541 18
67202 86275 19940 52966 36777 36106 38348 90316 5324 20145 89555 9812 93685 83095 39512 11479 83579 13215 
3445 20
81792 86625 44515 4035 64997 33382 4892 42696 54121 66283 67596 51247 61680 34801 37423 38675 96884 85296 27253 21852 
2935 19
75105 79361 1992 7784 13418 89387 29005 94414 63695 14544 37916 37879 91478 89879 34906 84668 68413 44126 34047 
6008 20
29920 60417 5250 65795 29348 34661 54791 84551 14507 49132 87851 80558 45867 24401 43410 11410 96729 36282 79165 34879 
1401 20
35776 41249 10209 25313 33765 40839 650 59882 4430 99567 89744 63603 18325 32087 63672 36831 88283 85309 21662 77727 
3454 19
65984 4898 32422 61351 68136 19304 52330 98346 79703 84783 65778 65362 19732 55062 34871 31384 7321 9148 65309 
6017 19
23138 96869 76518 99079 97607 90217 13927 46107 908 27909 76080 44017 24947 36596 47062 80407 90235 99549 81823 
904 17
96928 37057 53568 62617 16486 44808 24713 90569 31208 28012 1135 7538 64466 97527 86297 71323 26397 
2442 20
58775 25730 72868 96549 84503 73543 16842 98604 48399 16400 62385 99505 40660 4533 48214 31444 48981 27609 69852 9663 
7050 20
34199 66657 37315 84806 39815 40683 6540 57452 63853 79055 37230 13613 54619 41269 21397 35575 85014 11958 53270 45019 
1418 20
56066 16675 49730 55364 20226 5959 40677 76713 80455 76551 70987 41546 48647 37168 84881 90864 56241 45974 36158 26719 
5006 19
50106 6050 35815 91079 54408 12938 57867 21514 54828 25614 18289 53649 46101 39830 95257 68314 30427 76702 64415 
1424 19
37377 503 5751 76808 35687 75658 74316 88092 70030 60367 88912 18512 62620 32595 75603 88949 82775 43196 78366 
9618 19
8646 98375 25482 59376 4238 44304 62320 82354 69299 89076 33397 22615 84855 62769 94777 2458 50619 98974 9983 
9619 19
97570 63514 53603 16869 59750 94054 93670 41545 89384 8715 74864 4945 81817 71889 67923 66905 22074 33053 99231 
6550 19
97857 33058 12759 65313 49892 57286 10051 93066 16395 11530 80912 97138 35700 7958 57527 85050 31067 94970 63103 
1946 19
93984 37602 81283 70491 16007 18216 70889 94057 43211 45740 61933 94673 39379 59859 6934 72024 26043 34940 5055 
1949 20
24096 2883 63589 21318 77607 1416 29512 99686 7767 18968 52845 46254 98832 75188 99572 96757 41367 71256 82966 5658 
415 20
5888 27588 16613 51525 81386 33165 48942 32142 20048 51182 35379 23893 4159 54775 31832 89686 14555 61405 35870 38207 
7072 19
95521 28666 80706 14344 52746 3659 17708 96718 60880 26289 73842 72820 97556 39286 23190 95736 96889 90714 23931 
4513 20
60769 38979 85018 22984 88072 5672 49050 11304 38189 63081 38479 60048 40848 47890 52031 28662 71928 4090 77628 48415 
417 20
10368 47041 66048 42052 99685 1989 96586 53611 94957 93582 95889 35858 275 23860 67351 54617 24763 15324 60189 6910 
2468 19
92160 59586 15132 97638 55111 44075 58943 4270 67246 58641 76499 75860 48757 22455 6745 71515 64188 50910 82367 
9636 19
81091 26596 7273 11817 27211 4076 97065 77358 94382 13836 74739 52435 85429 14039 8473 22875 66300 3261 45399 
1959 20
65440 58849 6488 40740 79779 78377 92586 66986 33065 30360 26926 8816 80465 15504 22070 37462 30904 26841 37814 2558 
5036 19
85664 46328 52674 579 29604 18083 53126 92696 77929 13644 9900 58639 45519 40914 13524 30645 39032 39903 35359 
9647 19
20992 24037 47109 14951 22523 93830 25514 3723 25354 36874 6639 29392 15121 69201 46419 36307 77077 95318 35547 
2995 18
5441 74081 21413 52134 18246 9318 43436 30414 34544 63121 84242 30202 57138 52146 19577 5274 19261 1247 
4024 19
56000 7872 96867 74278 71113 67597 40333 71537 70994 56147 47185 97843 25713 67415 88984 62073 61395 85138 74750 
1465 20
90912 96 30721 33539 38758 44199 74811 50666 81711 6159 29361 82355 71796 10613 7543 18009 78843 19036 45149 52286 
6588 20
7618 37636 1988 98341 66794 49067 50826 75758 2159 47631 38766 82960 42352 19537 88210 48982 50809 75995 60125 36766 
2493 20
95617 32355 42085 58246 8519 43399 40108 76814 57871 39918 83473 48818 63953 33551 15829 74389 33432 4729 79579 35806 
5053 19
37442 59427 19673 25989 97862 93125 45636 11913 56682 93391 47759 95967 25811 59378 10965 97335 73720 63193 39551 
2495 20
66336 22049 4707 65060 36009 45994 26985 98988 68844 76494 65423 14896 92082 86643 48434 75157 27764 86359 1722 47549 
5057 18
56288 92737 52320 35107 69573 37004 56493 54671 26128 20724 30101 27927 10394 37723 91836 27485 98302 51615 
1478 20
70272 29280 94114 31959 89956 21990 94760 29736 44076 99281 40915 59763 95287 16541 11030 81910 88154 16091 56764 3165 
3015 20
18432 57506 32227 60802 10788 45093 34244 61320 4840 55366 12014 45619 50932 34807 84758 94206 44696 62459 56574 59103 
4040 20
14432 67458 8867 96219 12231 21499 52041 82759 99214 26095 98640 66779 45873 34899 11924 22430 30424 63898 89659 65694 
5065 19
20130 28614 71880 40458 62380 75917 99758 69453 77520 71471 9950 32542 89812 63892 6870 311 3096 99038 28703 
972 20
2497 17859 35199 60423 47495 22442 67802 90445 41005 15185 27474 43377 55508 67061 42783 2389 16153 23737 54586 71103 
976 20
79713 2565 27399 61575 92649 7768 96395 1581 70061 25452 89648 3121 78129 20915 84913 69105 40726 84408 3485 61758 
5073 19
1600 86595 61732 92389 36875 10573 73007 68016 21584 54000 46035 30100 41490 1651 40888 48921 70780 45208 17662 
7637 19
13345 64449 63042 81221 48679 55467 8429 44301 57007 11312 3599 14319 97166 72436 63221 76630 28763 90300 81661 
9692 17
95232 59362 38246 89000 44492 6893 53196 4046 17138 45235 10196 70740 94674 90107 49181 12574 991 
9695 18
17474 7619 74651 27191 90790 21064 84490 20718 41934 47087 15416 65462 45783 35482 24698 93660 29084 53855 
6112 19
13248 54018 86659 87586 21317 95625 78666 95722 57834 40142 93072 96465 27539 61716 31668 47382 6901 71160 1051 
3050 15
50044 17096 20139 77035 55851 31709 41617 7507 20053 89911 80440 14042 63291 69020 57053 
1008 18
27777 84098 95842 16964 2818 13092 65480 49419 46188 56557 27054 57938 78515 51508 96445 31576 78428 52669 
6132 20
78304 99616 91995 24486 72999 7367 86473 53964 35404 70159 51697 26482 82418 31537 22965 31414 98166 3129 49399 70814 
5621 19
28194 78307 80098 7845 94534 14822 19098 3209 91081 12746 32620 56717 45934 59919 34928 52140 27127 4633 60026 
9717 20
31011 17668 53060 36358 81030 24005 80746 17131 54700 80175 8818 49619 85268 83029 71094 89528 87353 10492 31613 34430 
6134 20
58272 14464 84770 3 72197 8314 54442 88845 15983 93362 53746 20223 83989 28511 59575 17304 16441 15130 21341 46847 
8696 20
38304 78115 3876 35619 44776 94634 2284 82092 66416 82577 87902 89554 5076 45104 24855 42488 86267 17085 77630 65791 
5628 18
70848 77697 65848 65347 2466 42200 49668 50978 62968 19434 70865 98738 20184 37945 56090 93725 42494 60959 
